4.000000000000000000e+00
1.000000000000000000e+00
1.000000000000000000e+00
3.000000000000000000e+00
1.596637992252297744e-01
7.619290467687944712e-03
2.197888848152947106e-02
1.105645541648199864e-01
0.000000000000000000e+00
9.268558189865827579e-03
1.399893827468732532e-01
1.624752406751939771e-01
3.061144070707930848e-02
0.000000000000000000e+00
1.745416061357302207e-01
1.403171796427388485e-01
1.622853188474872310e-01
4.718402722467607280e-02
0.000000000000000000e+00
1.522527992039242051e-01
4.819958272359550766e-02
2.370409400783930753e-02
0.000000000000000000e+00
0.000000000000000000e+00
1.100000000000000000e+01
